16, 16
0.5,0.5
2
2
1.2303911835330972
2.9163288824744935
1.5909119584665667
2.4932455540750404
1.4697025045046483
2.342799530621286
2.039555508033201
1.0724796072565763
2.902272713083985
1.261410549681092
1.5428888133261802
1.631979360544121
2.448692694177209
1.8702773986342414
2
2
1.896870016255988
2.392981055751967
2.3240521485519112
2.0706034949493164
2.212645661386188
2.0236287685595267
2.5955869049001827
2.119704902787361
2.893274893782105
2.7862759642439974
2.230258291960803
1.5390889147409303
2.012435014976778
2.9436717522434135
2.546717147604755
1.8570198207478783
2.820378882573241
1.2214870735847194
2.720300701798836
2.039087232821938
2.2475826276475814
1.7277787712512214
1.6222603254261154
2.8667744120518934
2.6166547357250804
1.304528688525073
1.247684695941343
2.7326250976137443
1.201636678613403
1.5045977976002394
2.744237563514358
2.7425861161757803
1.362685288409913
1.4193006522498983
2.825416826930337
1.6496244474332327
2.648306475367436
2.2031826244018164
2.444503218114019
2.5508715107791806
2.455751740495901
1.2120251543541676
2.2979658698722902
1.326414731525669
1.516123884316752
1.4272916147930574
2.7416333569482854
2.6360703738729185
1.4505861190209977
1.8074892353033247
1.0739385123971477
2.7235921814127346
1.2766468398440634
1.3070630446312463
2.473763283221416
1.7741871555820887
1.658817055067441
2.276925518352634
2.453461974287814
1.6941884250998174
2.7296684241730347
2.132176532944984
1.2308727700790012
1.6603867344103649
1.7282455711338665
1.8850939270590004
2.426993366155643
1.5982162685559833
2.9843671003412453
1.4007720489822786
1.3044310459057704
1.5749784604898194
2.7646989177938597
2.816111105338038
1.315685514068889
2.0884164975287396
1.4982611333181117
1.8378207283483632
2.0923525266517276
1.9450019903139002
1.9918089194878748
1.5346627073128776
1.9157372832402122
2.0076857270714292
1.4185890727527775
1.6638881898878386
1.4899942810773557
2.664394713592168
2.111583685113872
2.697570412932535
2.8867121193985517
2.8285228610141706
1.1050707284896912
1.9862054055872889
2.2291530336236773
1.8546892996051563
2.8462429628797894
1.7156060544591818
2.0149510711780483
2.6988163299921206
1.792989895794395
1.064489630312971
2.277658500588802
2.91894996176613
2.973015664344485
2.1422451050475075
1.5088709639122202
2.1196167612527512
2.739735795914572
2.877939465376463
1.8342769486577855
2.232313506759415
1.0243302918149852
1.530873697692292
2.2058529785635597
1.758959439327592
2.8724035252359377
2.4472315432794374
2.525030820292204
1.1743807697765072
2.111540840294106
2.9680671170513007
1.6883998841481973
2.6567052572431082
2.22194617167326
2.2084992607710063
2.7912509512821577
2.524574018655545
2.3846043002464556
1.2051272009454617
1.8914649187765682
1.8200339144635076
1.345169664617205
1.5767430903928268
2.6037285045734078
1.3518533914955053
1.9438047370188942
1.888111064271183
2.6405310366984898
1.0447509302711107
2.3450558138382505
1.2737530595920066
2.6269040356165445
1.126006029396374
2.147266527209718
1.5086526993477425
2.12254691999511
1.0027442072962076
2.2190238158677884
2.8342203158514776
2.765634169004522
1.553325191765066
1.38216871189516
1.5395750493057474
2.8368080053154094
2.3465133066180055
1.692846391373468
1.1165346899850144
1.872563278041686
2.305478244906374
1.3310118901008798
1.4825048953564808
1.7520338592448945
1.1211081893078705
2.8637222675398686
1.4930446334047285
2.312865028975854
1.2918790601323387
1.2447752651104
2.4687684439723308
1.1119981461111894
1.441495458117115
1.0023732281294262
1.9930638366720423
2.4660688918782574
1.8968914347918844
2.6917596916962907
2.602259079881579
2.225148893589037
2.2159897503661847
1.4310314588241784
2.91793406102207
1.7316095497496604
1.5665433309062875
1.4334387424125417
2.835301482229419
1.1679681226074698
1.4516890460771188
1.5364094798835066
1.9051096467390871
2.3353574245632656
2.136905019079877
2.3243771412196397
1.6667733804410163
2.0522811875807765
1.3434009719198696
1.185576986117512
1.9921729377886108
2.574494893715398
1.1023725808894873
2.5303013048921628
1.3778962190728656
2.534393784424915
1.158906653614376
1.2207625645291238
2.7073576632804857
1.5046030948432711
1.6003790459941465
2.934956803948736
2.9403245625171817
1.3512652262606784
2.5132486637587075
1.6187982301150805
2.7522411610617095
2.6460861531892315
2.97021453908527
1.954118134143094
2.461661984763973
2.7953046579951755
1.6939120642440249
2.8647796281716764
1.7590753854725434
2.665808282260555
2.3747176723583294
1.0371538833295568
1.911179893619903
1.9327165822008512
1.2142026997820925
2.239672544190013
1.3866429004226877
2.372709097336415
2.1784264099316646
1.9508351359097875
2.021287032793353
2.314800226197291
2.518054544130248
1.9237425541831814
2.1321423073775128